[gd_scene load_steps=2 format=2]

[ext_resource path="res://Assets/Props/Prop_Domino/Prop_Domino.tscn" type="PackedScene" id=1]

[node name="Prop_Domino_Curve" type="Spatial"]

[node name="Prop_Domino" parent="." instance=ExtResource( 1 )]

[node name="Prop_Domino2" parent="." instance=ExtResource( 1 )]
transform = Transform( 0.996195, 0, 0.0871557, 0, 1, 0, -0.0871557, 0, 0.996195, 0.0759563, 0, 2.5 )

[node name="Prop_Domino3" parent="." instance=ExtResource( 1 )]
transform = Transform( 0.984808, 0, 0.173648, 0, 1, 0, -0.173648, 0, 0.984808, 0.379782, 0, 4.88607 )

[node name="Prop_Domino4" parent="." instance=ExtResource( 1 )]
transform = Transform( 0.965926, 0, 0.258819, 0, 1, 0, -0.258819, 0, 0.965926, 0.873507, 0, 7.27213 )

[node name="Prop_Domino5" parent="." instance=ExtResource( 1 )]
transform = Transform( 0.939693, 0, 0.34202, 0, 1, 0, -0.34202, 0, 0.939693, 1.70903, 0, 9.6582 )

[node name="Prop_Domino6" parent="." instance=ExtResource( 1 )]
transform = Transform( 0.906308, 0, 0.422618, 0, 1, 0, -0.422618, 0, 0.906308, 2.77243, 0, 11.9303 )

[node name="Prop_Domino7" parent="." instance=ExtResource( 1 )]
transform = Transform( 0.866025, 0, 0.5, 0, 1, 0, -0.5, 0, 0.866025, 4.02572, 0, 14.1265 )

[node name="Prop_Domino8" parent="." instance=ExtResource( 1 )]
transform = Transform( 0.819152, 0, 0.573577, 0, 1, 0, -0.573577, 0, 0.819152, 5.58283, 0, 16.2467 )

[node name="Prop_Domino9" parent="." instance=ExtResource( 1 )]
transform = Transform( 0.766044, 0, 0.642788, 0, 1, 0, -0.642788, 0, 0.766044, 7.36782, 0, 18.4049 )

[node name="Prop_Domino10" parent="." instance=ExtResource( 1 )]
transform = Transform( 0.707107, 0, 0.707107, 0, 1, 0, -0.707107, 0, 0.707107, 9.07685, 0, 20.2972 )
