[gd_scene load_steps=5 format=2]

[ext_resource path="res://Assets/Props/Prop_Card/Prop_Card.tscn" type="PackedScene" id=1]
[ext_resource path="res://Assets/Props/Prop_Domino/Prop_Domino.tscn" type="PackedScene" id=2]
[ext_resource path="res://Assets/Props/Prop_Jenga/Prop_Jenga_Block.tscn" type="PackedScene" id=3]
[ext_resource path="res://Assets/Puzzles/Puzzle.gd" type="Script" id=4]

[node name="Simple_Tower" type="Spatial"]
script = ExtResource( 4 )

[node name="Prop_Domino" parent="." instance=ExtResource( 2 )]
transform = Transform( 1, 0, 0, 0, -4.37114e-08, 1, 0, -1, -4.37114e-08, -1.63161, 0.530324, 7.81081 )

[node name="Prop_Domino2" parent="." instance=ExtResource( 2 )]
transform = Transform( 1, 0, 0, 0, -4.37114e-08, 1, 0, -1, -4.37114e-08, 1.38033, 0.530324, 7.81081 )

[node name="Prop_Domino3" parent="." instance=ExtResource( 2 )]
transform = Transform( -0.0309746, -0.99952, -4.36904e-08, 0, -4.37114e-08, 1, -0.99952, 0.0309746, 1.35394e-09, 1.79272, 1.70306, 6.83291 )

[node name="Prop_Domino4" parent="." instance=ExtResource( 2 )]
transform = Transform( 0.00738276, -0.999973, -4.37102e-08, 0, -4.37114e-08, 1, -0.999973, -0.00738276, -3.22711e-10, 1.72543, 1.70306, 4.66153 )

[node name="Prop_Domino5" parent="." instance=ExtResource( 2 )]
transform = Transform( -0.0387192, 0.99925, 4.36786e-08, 0, -4.37114e-08, 1, 0.99925, 0.0387192, 1.69247e-09, -10.476, 6.73143, -1.86099 )

[node name="Prop_Domino6" parent="." instance=ExtResource( 2 )]
transform = Transform( -0.0387192, 0.99925, 4.36786e-08, 0, -4.37114e-08, 1, 0.99925, 0.0387192, 1.69247e-09, -10.5926, 6.73143, 1.14869 )

[node name="Prop_Domino7" parent="." instance=ExtResource( 2 )]
transform = Transform( 0.99997, 0.00774924, 3.38732e-10, 0, -4.37114e-08, 1, 0.00774924, -0.99997, -4.37101e-08, -9.63137, 7.90417, 1.59864 )

[node name="Prop_Domino8" parent="." instance=ExtResource( 2 )]
transform = Transform( 0.998937, 0.0460954, 2.01489e-09, 0, -4.37114e-08, 1, 0.0460954, -0.998937, -4.36649e-08, -7.45902, 7.90417, 1.61547 )

[node name="Prop_Domino9" parent="." instance=ExtResource( 2 )]
transform = Transform( -0.998354, 0.0573549, 2.50706e-09, 0, -4.37114e-08, 1, 0.0573549, 0.998354, 4.36394e-08, -15.0268, 12.7721, 5.23808 )

[node name="Prop_Domino10" parent="." instance=ExtResource( 2 )]
transform = Transform( -0.998354, 0.0573549, 2.50706e-09, 0, -4.37114e-08, 1, 0.0573549, 0.998354, 4.36394e-08, -18.0338, 12.7721, 5.41083 )

[node name="Prop_Domino11" parent="." instance=ExtResource( 2 )]
transform = Transform( 0.088251, 0.996098, 4.35408e-08, 0, -4.37114e-08, 1, 0.996098, -0.088251, -3.85757e-09, -18.3894, 13.9449, 6.41077 )

[node name="Prop_Domino12" parent="." instance=ExtResource( 2 )]
transform = Transform( 0.0499828, 0.99875, 4.36568e-08, 0, -4.37114e-08, 1, 0.99875, -0.0499828, -2.18482e-09, -18.1977, 13.9449, 8.57472 )

[node name="Prop_Domino13" parent="." instance=ExtResource( 2 )]
transform = Transform( -0.0371147, -0.999311, -4.36813e-08, 0, -4.37114e-08, 1, -0.999311, 0.0371147, 1.62233e-09, -21.9542, 18.6943, 0.678633 )

[node name="Prop_Domino14" parent="." instance=ExtResource( 2 )]
transform = Transform( -0.0371147, -0.999311, -4.36813e-08, 0, -4.37114e-08, 1, -0.999311, 0.0371147, 1.62233e-09, -22.066, 18.6943, -2.33123 )

[node name="Prop_Domino15" parent="." instance=ExtResource( 2 )]
transform = Transform( -0.997682, 0.0680501, 2.97456e-09, 0, -4.37114e-08, 1, 0.0680501, 0.997682, 4.361e-08, -23.0585, 19.867, -2.70704 )

[node name="Prop_Domino16" parent="." instance=ExtResource( 2 )]
transform = Transform( -0.999558, 0.029736, 1.2998e-09, 0, -4.37114e-08, 1, 0.029736, 0.999558, 4.36921e-08, -25.2259, 19.867, -2.55921 )

[node name="Prop_Jenga" parent="." instance=ExtResource( 3 )]
transform = Transform( 1, 0, 0, 0, 1, 0, 0, 0, 1, 0, 0.221037, 0 )

[node name="Prop_Jenga3" parent="." instance=ExtResource( 3 )]
transform = Transform( 1, 0, 0, 0, 1, 0, 0, 0, 1, -16.3802, 0.221037, 0 )

[node name="Prop_Jenga4" parent="." instance=ExtResource( 3 )]
transform = Transform( 0.124312, 0, -0.992243, 0, 1, 0, 0.992243, 0, 0.124312, -16.3802, 6.17928, 0 )

[node name="Prop_Jenga5" parent="." instance=ExtResource( 3 )]
transform = Transform( 1, 0, 0, 0, 1, 0, 0, 0, 1, -16.3802, 0.221037, 7.87216 )

[node name="Prop_Jenga6" parent="." instance=ExtResource( 3 )]
transform = Transform( 0.124312, 0, -0.992243, 0, 1, 0, 0.992243, 0, 0.124312, -16.3802, 6.17928, 7.87216 )

[node name="Prop_Jenga7" parent="." instance=ExtResource( 3 )]
transform = Transform( 1, 0, 0, 0, 1, 0, 0, 0, 1, -24.3035, 0.221037, 7.87216 )

[node name="Prop_Jenga8" parent="." instance=ExtResource( 3 )]
transform = Transform( 0.124312, 0, -0.992243, 0, 1, 0, 0.992243, 0, 0.124312, -24.3035, 6.17928, 7.87216 )

[node name="Prop_Jenga9" parent="." instance=ExtResource( 3 )]
transform = Transform( -0.999501, 0, -0.0315854, 0, 1, 0, 0.0315854, 0, -0.999501, -24.3035, 12.1523, 7.87216 )

[node name="Prop_Jenga10" parent="." instance=ExtResource( 3 )]
transform = Transform( 1, 0, 0, 0, 1, 0, 0, 0, 1, -24.3035, 0.221037, -0.437324 )

[node name="Prop_Jenga11" parent="." instance=ExtResource( 3 )]
transform = Transform( 0.124312, 0, -0.992243, 0, 1, 0, 0.992243, 0, 0.124312, -24.3035, 6.17928, -0.437324 )

[node name="Prop_Jenga12" parent="." instance=ExtResource( 3 )]
transform = Transform( -0.999501, 0, -0.0315854, 0, 1, 0, 0.0315854, 0, -0.999501, -24.3035, 12.1523, -0.437324 )

[node name="Prop_Jenga13" parent="." instance=ExtResource( 3 )]
transform = Transform( 1, 0, 0, 0, 1, 0, 0, 0, 1, -24.3035, 0.221037, -8.65718 )

[node name="Prop_Jenga14" parent="." instance=ExtResource( 3 )]
transform = Transform( 0.124312, 0, -0.992243, 0, 1, 0, 0.992243, 0, 0.124312, -24.3035, 6.17928, -8.65718 )

[node name="Prop_Jenga15" parent="." instance=ExtResource( 3 )]
transform = Transform( -0.999501, 0, -0.0315854, 0, 1, 0, 0.0315854, 0, -0.999501, -24.3035, 12.1523, -8.65718 )

[node name="Prop_Jenga16" parent="." instance=ExtResource( 3 )]
transform = Transform( 0.124312, 0, -0.992243, 0, 1, 0, 0.992243, 0, 0.124312, -24.3035, 18.202, -8.65718 )

[node name="Prop_Jenga17" parent="." instance=ExtResource( 3 )]
transform = Transform( 1, 0, 0, 0, 1, 0, 0, 0, 1, -16.4172, 0.221037, -8.65718 )

[node name="Prop_Jenga18" parent="." instance=ExtResource( 3 )]
transform = Transform( 0.124312, 0, -0.992243, 0, 1, 0, 0.992243, 0, 0.124312, -16.4172, 6.17928, -8.65718 )

[node name="Prop_Jenga19" parent="." instance=ExtResource( 3 )]
transform = Transform( -0.999501, 0, -0.0315854, 0, 1, 0, 0.0315854, 0, -0.999501, -16.4172, 12.1523, -8.65718 )

[node name="Prop_Jenga20" parent="." instance=ExtResource( 3 )]
transform = Transform( 0.124312, 0, -0.992243, 0, 1, 0, 0.992243, 0, 0.124312, -16.4172, 18.202, -8.65718 )

[node name="Prop_Jenga21" parent="." instance=ExtResource( 3 )]
transform = Transform( 1, 0, 0, 0, 1, 0, 0, 0, 1, -3.47761, 0.221037, -8.65718 )

[node name="Prop_Jenga22" parent="." instance=ExtResource( 3 )]
transform = Transform( 0.124312, 0, -0.992243, 0, 1, 0, 0.992243, 0, 0.124312, -3.47761, 6.17928, -8.65718 )

[node name="Prop_Jenga23" parent="." instance=ExtResource( 3 )]
transform = Transform( -0.999501, 0, -0.0315854, 0, 1, 0, 0.0315854, 0, -0.999501, -3.47761, 12.1523, -8.65718 )

[node name="Prop_Jenga24" parent="." instance=ExtResource( 3 )]
transform = Transform( 0.124312, 0, -0.992243, 0, 1, 0, 0.992243, 0, 0.124312, -3.47761, 18.202, -8.65718 )

[node name="Prop_Jenga2" parent="." instance=ExtResource( 3 )]
transform = Transform( 1, 0, 0, 0, 1, 0, 0, 0, 1, -7.82703, 0.221037, 0 )

[node name="Prop_Card" parent="." instance=ExtResource( 1 )]
transform = Transform( -0.0602471, 0, 0.998183, 0, 1, 0, -0.998183, 0, -0.0602471, -9.42933, 24.2668, -6.7184 )

[node name="Prop_Card3" parent="." instance=ExtResource( 1 )]
transform = Transform( 0.980829, 0, -0.194868, 0, 1, 0, 0.194868, 0, 0.980829, -13.2333, 24.5284, -8.44988 )

[node name="Prop_Card4" parent="." instance=ExtResource( 1 )]
transform = Transform( 0.936029, 0, 0.351923, 0, 1, 0, -0.351923, 0, 0.936029, -5.99097, 24.4922, -8.46245 )

[node name="Prop_Card2" parent="." instance=ExtResource( 1 )]
transform = Transform( -0.0602471, 0, 0.998183, 0, 1, 0, -0.998183, 0, -0.0602471, -10.0635, 24.1258, -10.2992 )

[node name="VisibilityNotifier" type="VisibilityNotifier" parent="."]
transform = Transform( 1, 0, 0, 0, 1, 0, 0, 0, 1, -12.4792, 12.2623, -0.274069 )
visible = false
aabb = AABB( -17.6052, -12.8703, -12.8021, 35.2103, 25.7406, 25.6042 )
