[gd_scene load_steps=10 format=2]

[ext_resource path="res://Assets/kenney_prototypetextures/PNG/Dark/texture_01.png" type="Texture" id=1]
[ext_resource path="res://Assets/kenney_prototypetextures/PNG/Green/texture_02.png" type="Texture" id=2]
[ext_resource path="res://Player/PlayerRigidBody.tscn" type="PackedScene" id=3]
[ext_resource path="res://WorldEnvironment.tres" type="Environment" id=4]
[ext_resource path="res://UI/Pause/PauseMenu.tscn" type="PackedScene" id=5]

[sub_resource type="SpatialMaterial" id=1]
albedo_texture = ExtResource( 1 )

[sub_resource type="SpatialMaterial" id=2]
albedo_texture = ExtResource( 2 )

[sub_resource type="BoxShape" id=3]
extents = Vector3( 0.3, 0.3, 0.3 )

[sub_resource type="CubeMesh" id=4]
size = Vector3( 0.6, 0.6, 0.6 )

[node name="World" type="Spatial"]

[node name="CSGCombiner" type="CSGCombiner" parent="."]
use_collision = true

[node name="floor" type="CSGBox" parent="CSGCombiner"]
transform = Transform( 1, 0, 0, 0, 1, 0, 0, 0, 1, 0, -0.25, 0 )
width = 32.0
height = 0.5
depth = 32.0
material = SubResource( 1 )

[node name="CSGBox2" type="CSGBox" parent="CSGCombiner"]
transform = Transform( 1, 0, 0, 0, 1, 0, 0, 0, 1, 0, 0.5, -2.5 )
width = 1.0
height = 1.0
depth = 1.0
material = SubResource( 2 )

[node name="slope" type="CSGBox" parent="CSGCombiner"]
transform = Transform( 1, 0, 0, 0, 0.943587, -0.331124, 0, 0.331124, 0.943587, 9.08088, 1.37626, 3.34418 )
width = 8.71127
height = 0.756817
depth = 19.0748
material = SubResource( 1 )

[node name="Camera" type="Camera" parent="."]
transform = Transform( 1, 0, 0, 0, 1, 0, 0, 0, 1, 0, 0, 5.04769 )

[node name="PauseMenu" parent="." instance=ExtResource( 5 )]

[node name="WorldEnvironment" type="WorldEnvironment" parent="."]
environment = ExtResource( 4 )

[node name="Sun" type="DirectionalLight" parent="."]
transform = Transform( -0.939693, -0.296198, 0.17101, 0, 0.5, 0.866025, -0.34202, 0.813798, -0.469846, -2.216, 12.453, 0 )
light_energy = 2.126
light_bake_mode = 2
shadow_enabled = true
shadow_color = Color( 0.462745, 0.462745, 0.462745, 1 )
directional_shadow_depth_range = 1

[node name="PlayerRigidBody" parent="." instance=ExtResource( 3 )]
transform = Transform( 1, 0, 0, 0, 1, 0, 0, 0, 1, 0, 0.937065, 0 )

[node name="RigidBody" type="RigidBody" parent="."]
transform = Transform( 1, 0, 0, 0, 1, 0, 0, 0, 1, -7.70331, 2.01505, 0 )

[node name="CollisionShape" type="CollisionShape" parent="RigidBody"]
shape = SubResource( 3 )

[node name="MeshInstance" type="MeshInstance" parent="RigidBody"]
mesh = SubResource( 4 )
material/0 = null

[node name="RigidBody2" type="RigidBody" parent="."]
transform = Transform( 1, 0, 0, 0, 1, 0, 0, 0, 1, -2.68793, 2.01505, -1.92085 )

[node name="CollisionShape" type="CollisionShape" parent="RigidBody2"]
shape = SubResource( 3 )

[node name="MeshInstance" type="MeshInstance" parent="RigidBody2"]
mesh = SubResource( 4 )
material/0 = null

[node name="RigidBody3" type="RigidBody" parent="."]
transform = Transform( 0.86147, 0, -0.507809, 0, 1, 0, 0.507809, 0, 0.86147, -5.85373, 2.01505, 0.815125 )

[node name="CollisionShape" type="CollisionShape" parent="RigidBody3"]
shape = SubResource( 3 )

[node name="MeshInstance" type="MeshInstance" parent="RigidBody3"]
mesh = SubResource( 4 )
material/0 = null

[node name="RigidBody4" type="RigidBody" parent="."]
transform = Transform( 0.727318, 0, -0.686301, 0, 1, 0, 0.686301, 0, 0.727318, -5.88533, 2.01505, -1.92664 )

[node name="CollisionShape" type="CollisionShape" parent="RigidBody4"]
shape = SubResource( 3 )

[node name="MeshInstance" type="MeshInstance" parent="RigidBody4"]
mesh = SubResource( 4 )
material/0 = null

[node name="RigidBody5" type="RigidBody" parent="."]
transform = Transform( 0.962616, -0.270869, 0, 0.270869, 0.962616, 0, 0, 0, 1, -4.66757, 2.86927, 0 )

[node name="CollisionShape" type="CollisionShape" parent="RigidBody5"]
shape = SubResource( 3 )

[node name="MeshInstance" type="MeshInstance" parent="RigidBody5"]
mesh = SubResource( 4 )
material/0 = null

[node name="RigidBody6" type="RigidBody" parent="."]
transform = Transform( 0.907294, 0.249283, -0.338639, 0, 0.805329, 0.592829, 0.420497, -0.53787, 0.730669, -7.16278, 1.06878, -0.0563791 )

[node name="CollisionShape" type="CollisionShape" parent="RigidBody6"]
shape = SubResource( 3 )

[node name="MeshInstance" type="MeshInstance" parent="RigidBody6"]
mesh = SubResource( 4 )
material/0 = null

[node name="RigidBody7" type="RigidBody" parent="."]
transform = Transform( 1, 0, 0, 0, 1, 0, 0, 0, 1, -7.70331, 2.01505, -1.52283 )

[node name="CollisionShape" type="CollisionShape" parent="RigidBody7"]
shape = SubResource( 3 )

[node name="MeshInstance" type="MeshInstance" parent="RigidBody7"]
mesh = SubResource( 4 )
material/0 = null

[node name="RigidBody8" type="RigidBody" parent="."]
transform = Transform( 1, 0, 0, 0, 1, 0, 0, 0, 1, -4.95791, 2.01505, 0 )

[node name="CollisionShape" type="CollisionShape" parent="RigidBody8"]
shape = SubResource( 3 )

[node name="MeshInstance" type="MeshInstance" parent="RigidBody8"]
mesh = SubResource( 4 )
material/0 = null
