[gd_scene load_steps=18 format=2]

[ext_resource path="res://World.gd" type="Script" id=1]
[ext_resource path="res://Assets/Props/Prop_Jenga/Prop_Jenga.tscn" type="PackedScene" id=2]
[ext_resource path="res://Player/PlayerRigidBody.tscn" type="PackedScene" id=3]
[ext_resource path="res://WorldEnvironment.tres" type="Environment" id=4]
[ext_resource path="res://UI/Pause/PauseMenu.tscn" type="PackedScene" id=5]
[ext_resource path="res://Assets/Props/Prop_Card/Prop_Card.tscn" type="PackedScene" id=6]
[ext_resource path="res://Assets/Props/Prop_Domino/Prop_Domino.tscn" type="PackedScene" id=7]
[ext_resource path="res://Checkpoint/Spawn.gd" type="Script" id=8]
[ext_resource path="res://Checkpoint/CheckPointIndicator.tscn" type="PackedScene" id=10]
[ext_resource path="res://Assets/Props/Room_BG/Room_BG.obj" type="ArrayMesh" id=11]
[ext_resource path="res://Assets/Props/Room_BG/Room_BG.tres" type="Material" id=12]
[ext_resource path="res://Assets/Props/Table_Boundaries/Table.tscn" type="PackedScene" id=13]
[ext_resource path="res://Assets/Puzzles/Simple_Prison.tscn" type="PackedScene" id=15]
[ext_resource path="res://Assets/Puzzles/Simple_Climb.tscn" type="PackedScene" id=16]
[ext_resource path="res://Assets/Puzzles/Simple_Tunnel.tscn" type="PackedScene" id=17]
[ext_resource path="res://Assets/Puzzles/Simple_Tower.tscn" type="PackedScene" id=18]
[ext_resource path="res://Assets/Puzzles/Simple_Platform.tscn" type="PackedScene" id=19]

[node name="World" type="Spatial"]
script = ExtResource( 1 )

[node name="Camera" type="Camera" parent="."]
transform = Transform( 1, 0, 0, 0, 1, 0, 0, 0, 1, 0, 0, 5.04769 )

[node name="PauseMenu" parent="." instance=ExtResource( 5 )]

[node name="WorldEnvironment" type="WorldEnvironment" parent="."]
environment = ExtResource( 4 )

[node name="Sun" type="DirectionalLight" parent="."]
transform = Transform( -0.877716, 0.300577, -0.373188, 0, 0.778802, 0.62727, 0.479182, 0.550565, -0.683566, -2.216, 4.5293, -0.787665 )
light_energy = 2.126
light_bake_mode = 2
shadow_enabled = true
shadow_color = Color( 0.462745, 0.462745, 0.462745, 1 )
shadow_bias = 0.503
shadow_reverse_cull_face = true
directional_shadow_split_1 = 0.145
directional_shadow_split_2 = 0.389
directional_shadow_split_3 = 0.601
directional_shadow_blend_splits = true
directional_shadow_normal_bias = 0.715
directional_shadow_bias_split_scale = 0.268
directional_shadow_depth_range = 1

[node name="Spawn" type="Position3D" parent="."]
transform = Transform( 1, 0, 0, 0, 1, 0, 0, 0, 1, -0.571224, -7.91197, -0.0499039 )
script = ExtResource( 8 )

[node name="PlayerRigidBody" parent="." instance=ExtResource( 3 )]
transform = Transform( 1, 0, 0, 0, 1, 0, 0, 0, 1, -0.649616, 0.937073, 0.285133 )

[node name="Game_Props" type="Spatial" parent="."]

[node name="Spawn_Jenga_LOL" parent="Game_Props" instance=ExtResource( 2 )]
transform = Transform( -0.000820323, 0, -1, 0, 1, 0, 1, 0, -0.000820323, -0.432934, -15.8175, 0.0419083 )

[node name="Table_BG" parent="Game_Props" instance=ExtResource( 13 )]

[node name="Room_BG" type="MeshInstance" parent="Game_Props"]
transform = Transform( 100, 0, 0, 0, 100, 0, 0, 0, 100, -0.611114, -112.608, 4.61099 )
mesh = ExtResource( 11 )
skeleton = NodePath("../..")
material/0 = ExtResource( 12 )

[node name="Card_Castle" parent="Game_Props" instance=ExtResource( 6 )]
transform = Transform( 0.947702, 0.307087, 0.0869433, 0, 0.272415, -0.96218, -0.319158, 0.911859, 0.258168, -27.9688, -12.4885, 58.7852 )

[node name="Prop_Card2" parent="Game_Props/Card_Castle" instance=ExtResource( 6 )]
transform = Transform( -1, -8.41164e-08, -2.38152e-08, 8.41164e-08, -0.851581, -0.524224, 2.38152e-08, -0.524224, 0.851581, 0, -2.03013, -0.574776 )

[node name="Prop_Card3" parent="Game_Props/Card_Castle" instance=ExtResource( 6 )]
transform = Transform( 1, 0, 0, 0, 1, 0, 0, 0, 1, 0, -4.11675, -1.16554 )

[node name="Prop_Card4" parent="Game_Props/Card_Castle" instance=ExtResource( 6 )]
transform = Transform( -1, -8.41164e-08, -2.38152e-08, 8.41164e-08, -0.851581, -0.524224, 2.38152e-08, -0.524224, 0.851581, 0, -6.14688, -1.74032 )

[node name="Prop_Card5" parent="Game_Props/Card_Castle" instance=ExtResource( 6 )]
transform = Transform( 1, 0, 0, 0, 1, 0, 0, 0, 1, 0, -8.2959, -2.34875 )

[node name="Prop_Card6" parent="Game_Props/Card_Castle" instance=ExtResource( 6 )]
transform = Transform( -1, -8.41164e-08, -2.38152e-08, 8.41164e-08, -0.851581, -0.524224, 2.38152e-08, -0.524224, 0.851581, 0, -10.326, -2.92353 )

[node name="Prop_Card7" parent="Game_Props/Card_Castle" instance=ExtResource( 6 )]
transform = Transform( 1, 0, 0, 0, 1, 0, 0, 0, 1, 0, 2.08035, -7.34789 )

[node name="Prop_Card8" parent="Game_Props/Card_Castle" instance=ExtResource( 6 )]
transform = Transform( -1, -8.41164e-08, -2.38152e-08, 8.41164e-08, -0.851581, -0.524224, 2.38152e-08, -0.524224, 0.851581, 0, 0.0502167, -7.92266 )

[node name="Prop_Card9" parent="Game_Props/Card_Castle" instance=ExtResource( 6 )]
transform = Transform( 1, 0, 0, 0, 1, 0, 0, 0, 1, 0, -2.0364, -8.51343 )

[node name="Prop_Card10" parent="Game_Props/Card_Castle" instance=ExtResource( 6 )]
transform = Transform( -1, -8.41164e-08, -2.38152e-08, 8.41164e-08, -0.851581, -0.524224, 2.38152e-08, -0.524224, 0.851581, 0, -4.06653, -9.08821 )

[node name="Prop_Card11" parent="Game_Props/Card_Castle" instance=ExtResource( 6 )]
transform = Transform( 1, 0, 0, 0, 1, 0, 0, 0, 1, 0, -6.21555, -9.69664 )

[node name="Prop_Card12" parent="Game_Props/Card_Castle" instance=ExtResource( 6 )]
transform = Transform( -1, -8.41164e-08, -2.38152e-08, 8.41164e-08, -0.851581, -0.524224, 2.38152e-08, -0.524224, 0.851581, 0, -8.24569, -10.2714 )

[node name="Prop_Card" parent="Game_Props/Card_Castle" instance=ExtResource( 6 )]
transform = Transform( 1, 0, 0, 0, 0.272415, 0.96218, 0, -0.96218, 0.272415, 0.0464392, -1.03684, -4.4509 )

[node name="Prop_Card13" parent="Game_Props/Card_Castle" instance=ExtResource( 6 )]
transform = Transform( 1, 0, 0, 0, 0.272415, 0.96218, 0, -0.96218, 0.272415, 0.0464392, -7.10395, -5.9081 )

[node name="Card_Castle2" parent="Game_Props" instance=ExtResource( 6 )]
transform = Transform( 0.573219, -0.788412, -0.223217, 0, 0.272415, -0.96218, 0.819402, 0.55154, 0.156153, 22.9168, -12.4885, 95.9768 )

[node name="Prop_Card2" parent="Game_Props/Card_Castle2" instance=ExtResource( 6 )]
transform = Transform( -1, -5.96046e-08, -2.98023e-08, 8.9407e-08, -0.851581, -0.524224, 2.98023e-08, -0.524224, 0.851581, 0, -2.03014, -0.574776 )

[node name="Prop_Card3" parent="Game_Props/Card_Castle2" instance=ExtResource( 6 )]
transform = Transform( 1, 0, 0, 0, 1, 0, 0, 0, 1, 0, -4.11675, -1.16554 )

[node name="Prop_Card4" parent="Game_Props/Card_Castle2" instance=ExtResource( 6 )]
transform = Transform( -1, -8.41164e-08, -2.38152e-08, 8.41164e-08, -0.851581, -0.524224, 2.38152e-08, -0.524224, 0.851581, 0, -6.14688, -1.74032 )

[node name="Prop_Card5" parent="Game_Props/Card_Castle2" instance=ExtResource( 6 )]
transform = Transform( 1, 0, 0, 0, 1, 0, 0, 0, 1, 0, -8.2959, -2.34875 )

[node name="Prop_Card6" parent="Game_Props/Card_Castle2" instance=ExtResource( 6 )]
transform = Transform( -1, -8.41164e-08, -2.38152e-08, 8.41164e-08, -0.851581, -0.524224, 2.38152e-08, -0.524224, 0.851581, 0, -10.326, -2.92353 )

[node name="Prop_Card7" parent="Game_Props/Card_Castle2" instance=ExtResource( 6 )]
transform = Transform( 1, 0, 0, 0, 1, 0, 0, 0, 1, 0, 2.08035, -7.34789 )

[node name="Prop_Card8" parent="Game_Props/Card_Castle2" instance=ExtResource( 6 )]
transform = Transform( -1, -8.41164e-08, -2.38152e-08, 8.41164e-08, -0.851581, -0.524224, 2.38152e-08, -0.524224, 0.851581, 0, 0.0502167, -7.92266 )

[node name="Prop_Card9" parent="Game_Props/Card_Castle2" instance=ExtResource( 6 )]
transform = Transform( 1, 0, 0, 0, 1, 0, 0, 0, 1, 0, -2.0364, -8.51343 )

[node name="Prop_Card10" parent="Game_Props/Card_Castle2" instance=ExtResource( 6 )]
transform = Transform( -1, -8.41164e-08, -2.38152e-08, 8.41164e-08, -0.851581, -0.524224, 2.38152e-08, -0.524224, 0.851581, 0, -4.06653, -9.08821 )

[node name="Prop_Card11" parent="Game_Props/Card_Castle2" instance=ExtResource( 6 )]
transform = Transform( 1, 0, 0, 0, 1, 0, 0, 0, 1, 0, -6.21555, -9.69664 )

[node name="Prop_Card12" parent="Game_Props/Card_Castle2" instance=ExtResource( 6 )]
transform = Transform( -1, -8.41164e-08, -2.38152e-08, 8.41164e-08, -0.851581, -0.524224, 2.38152e-08, -0.524224, 0.851581, 0, -8.24569, -10.2714 )

[node name="Prop_Card" parent="Game_Props/Card_Castle2" instance=ExtResource( 6 )]
transform = Transform( 1, 0, 0, 0, 0.272415, 0.96218, 0, -0.96218, 0.272415, 0.0464392, -1.03684, -4.4509 )

[node name="Prop_Card13" parent="Game_Props/Card_Castle2" instance=ExtResource( 6 )]
transform = Transform( 1, 0, 0, 0, 0.272415, 0.96218, 0, -0.96218, 0.272415, 0.0464392, -7.10395, -5.9081 )

[node name="Card_Castle3" parent="Game_Props" instance=ExtResource( 6 )]
transform = Transform( -0.639922, -0.739377, -0.209334, 0, 0.272415, -0.96218, 0.76844, -0.61572, -0.174324, -7.72813, -12.4885, -60.7027 )

[node name="Prop_Card2" parent="Game_Props/Card_Castle3" instance=ExtResource( 6 )]
transform = Transform( -1, -8.41164e-08, -2.38152e-08, 8.41164e-08, -0.851581, -0.524224, 2.38152e-08, -0.524224, 0.851581, 0, -2.03013, -0.574776 )

[node name="Prop_Card3" parent="Game_Props/Card_Castle3" instance=ExtResource( 6 )]
transform = Transform( 1, 0, 0, 0, 1, 0, 0, 0, 1, 0, -4.11675, -1.16554 )

[node name="Prop_Card4" parent="Game_Props/Card_Castle3" instance=ExtResource( 6 )]
transform = Transform( -1, -8.41164e-08, -2.38152e-08, 8.41164e-08, -0.851581, -0.524224, 2.38152e-08, -0.524224, 0.851581, 0, -6.14688, -1.74032 )

[node name="Prop_Card5" parent="Game_Props/Card_Castle3" instance=ExtResource( 6 )]
transform = Transform( 1, 0, 0, 0, 1, 0, 0, 0, 1, 0, -8.2959, -2.34875 )

[node name="Prop_Card6" parent="Game_Props/Card_Castle3" instance=ExtResource( 6 )]
transform = Transform( -1, -8.41164e-08, -2.38152e-08, 8.41164e-08, -0.851581, -0.524224, 2.38152e-08, -0.524224, 0.851581, 0, -10.326, -2.92353 )

[node name="Prop_Card7" parent="Game_Props/Card_Castle3" instance=ExtResource( 6 )]
transform = Transform( 1, 0, 0, 0, 1, 0, 0, 0, 1, 0, 2.08035, -7.34789 )

[node name="Prop_Card8" parent="Game_Props/Card_Castle3" instance=ExtResource( 6 )]
transform = Transform( -1, -8.41164e-08, -2.38152e-08, 8.41164e-08, -0.851581, -0.524224, 2.38152e-08, -0.524224, 0.851581, 0, 0.0502167, -7.92266 )

[node name="Prop_Card9" parent="Game_Props/Card_Castle3" instance=ExtResource( 6 )]
transform = Transform( 1, 0, 0, 0, 1, 0, 0, 0, 1, 0, -2.0364, -8.51343 )

[node name="Prop_Card10" parent="Game_Props/Card_Castle3" instance=ExtResource( 6 )]
transform = Transform( -1, -8.41164e-08, -2.38152e-08, 8.41164e-08, -0.851581, -0.524224, 2.38152e-08, -0.524224, 0.851581, 0, -4.06653, -9.08821 )

[node name="Prop_Card11" parent="Game_Props/Card_Castle3" instance=ExtResource( 6 )]
transform = Transform( 1, 0, 0, 0, 1, 0, 0, 0, 1, 0, -6.21555, -9.69664 )

[node name="Prop_Card12" parent="Game_Props/Card_Castle3" instance=ExtResource( 6 )]
transform = Transform( -1, -8.41164e-08, -2.38152e-08, 8.41164e-08, -0.851581, -0.524224, 2.38152e-08, -0.524224, 0.851581, 0, -8.24569, -10.2714 )

[node name="Prop_Card" parent="Game_Props/Card_Castle3" instance=ExtResource( 6 )]
transform = Transform( 1, 0, 0, 0, 0.272415, 0.96218, 0, -0.96218, 0.272415, 0.0464392, -1.03684, -4.4509 )

[node name="Prop_Card13" parent="Game_Props/Card_Castle3" instance=ExtResource( 6 )]
transform = Transform( 1, 0, 0, 0, 0.272415, 0.96218, 0, -0.96218, 0.272415, 0.0464392, -7.10395, -5.9081 )

[node name="Prop_Jenga" parent="Game_Props" instance=ExtResource( 2 )]
transform = Transform( 0.912513, 0, -0.409047, 0, 1, 0, 0.409047, 0, 0.912513, 12.9183, -15.8332, 63.9581 )

[node name="Prop_Jenga2" parent="Game_Props" instance=ExtResource( 2 )]
transform = Transform( 0.76892, 0, 0.639345, 0, 1, 0, -0.639345, 0, 0.76892, 52.1157, -15.7329, 142.31 )

[node name="Prop_Jenga3" parent="Game_Props" instance=ExtResource( 2 )]
transform = Transform( 0.97466, 0, -0.223692, 0, 1, 0, 0.223692, 0, 0.97466, -44.2672, -15.7995, -56.5192 )

[node name="Domino_Str" parent="Game_Props" instance=ExtResource( 7 )]
transform = Transform( 0.971648, 0, -0.236431, 0, 1, 0, 0.236431, 0, 0.971648, 5.56611, -16.0423, -31.8384 )

[node name="Prop_Domino2" parent="Game_Props/Domino_Str" instance=ExtResource( 7 )]
transform = Transform( 1, 0, 0, 0, 1, 0, 0, 0, 1, 0, 0, -3.12489 )

[node name="Prop_Domino3" parent="Game_Props/Domino_Str" instance=ExtResource( 7 )]
transform = Transform( 1, 0, 0, 0, 1, 0, 0, 0, 1, 0, 0, -6.20315 )

[node name="Prop_Domino4" parent="Game_Props/Domino_Str" instance=ExtResource( 7 )]
transform = Transform( 1, 0, 0, 0, 1, 0, 0, 0, 1, 0, 0, -9.43359 )

[node name="Prop_Domino5" parent="Game_Props/Domino_Str" instance=ExtResource( 7 )]
transform = Transform( 1, 0, 0, 0, 1, 0, 0, 0, 1, 0, 0, -12.6448 )

[node name="Prop_Domino6" parent="Game_Props/Domino_Str" instance=ExtResource( 7 )]
transform = Transform( 1, 0, 0, 0, 1, 0, 0, 0, 1, 0, 0, -15.8375 )

[node name="Prop_Domino7" parent="Game_Props/Domino_Str" instance=ExtResource( 7 )]
transform = Transform( 1, 0, 0, 0, 1, 0, 0, 0, 1, 0, 0, -19.029 )

[node name="Domino_Str2" parent="Game_Props" instance=ExtResource( 7 )]
transform = Transform( 0.959619, 0, -0.281303, 0, 1, 0, 0.281303, 0, 0.959619, 7.28365, -16.0423, -97.0477 )

[node name="Prop_Domino2" parent="Game_Props/Domino_Str2" instance=ExtResource( 7 )]
transform = Transform( 1, 0, 0, 0, 1, 0, 0, 0, 1, 0, 0, -3.12489 )

[node name="Prop_Domino3" parent="Game_Props/Domino_Str2" instance=ExtResource( 7 )]
transform = Transform( 1, 0, 0, 0, 1, 0, 0, 0, 1, 0, 0, -6.20315 )

[node name="Prop_Domino4" parent="Game_Props/Domino_Str2" instance=ExtResource( 7 )]
transform = Transform( 1, 0, 0, 0, 1, 0, 0, 0, 1, 0, 0, -9.43359 )

[node name="Prop_Domino5" parent="Game_Props/Domino_Str2" instance=ExtResource( 7 )]
transform = Transform( 1, 0, 0, 0, 1, 0, 0, 0, 1, 0, 0, -12.6448 )

[node name="Prop_Domino6" parent="Game_Props/Domino_Str2" instance=ExtResource( 7 )]
transform = Transform( 1, 0, 0, 0, 1, 0, 0, 0, 1, 0, 0, -15.8375 )

[node name="Prop_Domino7" parent="Game_Props/Domino_Str2" instance=ExtResource( 7 )]
transform = Transform( 1, 0, 0, 0, 1, 0, 0, 0, 1, 0, 0, -19.029 )

[node name="Domino_Str5" parent="Game_Props" instance=ExtResource( 7 )]
transform = Transform( 0.566766, 0, -0.823879, 0, 1, 0, 0.823879, 0, 0.566766, 41.8688, -16.0423, 78.8536 )

[node name="Prop_Domino2" parent="Game_Props/Domino_Str5" instance=ExtResource( 7 )]
transform = Transform( 1, 0, 0, 0, 1, 0, 0, 0, 1, 0, 0, -3.12489 )

[node name="Prop_Domino3" parent="Game_Props/Domino_Str5" instance=ExtResource( 7 )]
transform = Transform( 1, 0, 0, 0, 1, 0, 0, 0, 1, 0, 0, -6.20315 )

[node name="Prop_Domino4" parent="Game_Props/Domino_Str5" instance=ExtResource( 7 )]
transform = Transform( 1, 0, 0, 0, 1, 0, 0, 0, 1, 0, 0, -9.43359 )

[node name="Prop_Domino5" parent="Game_Props/Domino_Str5" instance=ExtResource( 7 )]
transform = Transform( 1, 0, 0, 0, 1, 0, 0, 0, 1, 0, 0, -12.6448 )

[node name="Prop_Domino6" parent="Game_Props/Domino_Str5" instance=ExtResource( 7 )]
transform = Transform( 1, 0, 0, 0, 1, 0, 0, 0, 1, 0, 0, -15.8375 )

[node name="Prop_Domino7" parent="Game_Props/Domino_Str5" instance=ExtResource( 7 )]
transform = Transform( 1, 0, 0, 0, 1, 0, 0, 0, 1, 0, 0, -19.029 )

[node name="Domino_Crv" parent="Game_Props" instance=ExtResource( 7 )]
transform = Transform( 0.971648, 0, -0.236431, 0, 1, 0, 0.236431, 0, 0.971648, 10.6987, -16.0423, -53.4507 )

[node name="Prop_Domino2" parent="Game_Props/Domino_Crv" instance=ExtResource( 7 )]
transform = Transform( 0.991445, 0, 0.130526, 0, 1, 0, -0.130526, 0, 0.991445, 0, 0, -3.12489 )

[node name="Prop_Domino3" parent="Game_Props/Domino_Crv/Prop_Domino2" instance=ExtResource( 7 )]
transform = Transform( 0.991445, 0, 0.130526, 0, 1, 0, -0.130526, 0, 0.991445, 0, 0, -3.07826 )

[node name="Prop_Domino4" parent="Game_Props/Domino_Crv/Prop_Domino2/Prop_Domino3" instance=ExtResource( 7 )]
transform = Transform( 0.991445, 0, 0.130526, 0, 1, 0, -0.130526, 0, 0.991445, 0, 0, -3.23044 )

[node name="Prop_Domino5" parent="Game_Props/Domino_Crv/Prop_Domino2/Prop_Domino3/Prop_Domino4" instance=ExtResource( 7 )]
transform = Transform( 0.991445, 0, 0.130526, 0, 1, 0, -0.130526, 0, 0.991445, 0, 0, -3.21117 )

[node name="Prop_Domino6" parent="Game_Props/Domino_Crv/Prop_Domino2/Prop_Domino3/Prop_Domino4/Prop_Domino5" instance=ExtResource( 7 )]
transform = Transform( 0.991445, 0, 0.130526, 0, 1, 0, -0.130526, 0, 0.991445, 0, 0, -3.19276 )

[node name="Prop_Domino7" parent="Game_Props/Domino_Crv/Prop_Domino2/Prop_Domino3/Prop_Domino4/Prop_Domino5/Prop_Domino6" instance=ExtResource( 7 )]
transform = Transform( 0.991445, 0, 0.130526, 0, 1, 0, -0.130526, 0, 0.991445, 0, 0, -3.19145 )

[node name="Domino_Crv11" parent="Game_Props" instance=ExtResource( 7 )]
transform = Transform( -0.963914, 0, 0.266212, 0, 1, 0, -0.266212, 0, -0.963914, 6.23127, -16.0423, -93.6848 )

[node name="Prop_Domino2" parent="Game_Props/Domino_Crv11" instance=ExtResource( 7 )]
transform = Transform( 0.991445, 0, 0.130526, 0, 1, 0, -0.130526, 0, 0.991445, 0, 0, -3.12489 )

[node name="Prop_Domino3" parent="Game_Props/Domino_Crv11/Prop_Domino2" instance=ExtResource( 7 )]
transform = Transform( 0.991445, 0, 0.130526, 0, 1, 0, -0.130526, 0, 0.991445, 0, 0, -3.07826 )

[node name="Prop_Domino4" parent="Game_Props/Domino_Crv11/Prop_Domino2/Prop_Domino3" instance=ExtResource( 7 )]
transform = Transform( 0.991445, 0, 0.130526, 0, 1, 0, -0.130526, 0, 0.991445, 0, 0, -3.23044 )

[node name="Prop_Domino5" parent="Game_Props/Domino_Crv11/Prop_Domino2/Prop_Domino3/Prop_Domino4" instance=ExtResource( 7 )]
transform = Transform( 0.991445, 0, 0.130526, 0, 1, 0, -0.130526, 0, 0.991445, 0, 0, -3.21117 )

[node name="Prop_Domino6" parent="Game_Props/Domino_Crv11/Prop_Domino2/Prop_Domino3/Prop_Domino4/Prop_Domino5" instance=ExtResource( 7 )]
transform = Transform( 0.991445, 0, 0.130526, 0, 1, 0, -0.130526, 0, 0.991445, 0, 0, -3.19276 )

[node name="Prop_Domino7" parent="Game_Props/Domino_Crv11/Prop_Domino2/Prop_Domino3/Prop_Domino4/Prop_Domino5/Prop_Domino6" instance=ExtResource( 7 )]
transform = Transform( 0.991445, 0, 0.130526, 0, 1, 0, -0.130526, 0, 0.991445, 0, 0, -3.19145 )

[node name="Domino_Crv8" parent="Game_Props" instance=ExtResource( 7 )]
transform = Transform( -0.29112, 0, -0.956687, 0, 1, 0, 0.956687, 0, -0.29112, 20.3924, -16.0423, 81.3187 )

[node name="Prop_Domino2" parent="Game_Props/Domino_Crv8" instance=ExtResource( 7 )]
transform = Transform( 0.991445, 0, 0.130526, 0, 1, 0, -0.130526, 0, 0.991445, 0, 0, -3.12489 )

[node name="Prop_Domino3" parent="Game_Props/Domino_Crv8/Prop_Domino2" instance=ExtResource( 7 )]
transform = Transform( 0.991445, 0, 0.130526, 0, 1, 0, -0.130526, 0, 0.991445, 0, 0, -3.07826 )

[node name="Prop_Domino4" parent="Game_Props/Domino_Crv8/Prop_Domino2/Prop_Domino3" instance=ExtResource( 7 )]
transform = Transform( 0.991445, 0, 0.130526, 0, 1, 0, -0.130526, 0, 0.991445, 0, 0, -3.23044 )

[node name="Prop_Domino5" parent="Game_Props/Domino_Crv8/Prop_Domino2/Prop_Domino3/Prop_Domino4" instance=ExtResource( 7 )]
transform = Transform( 0.991445, 0, 0.130526, 0, 1, 0, -0.130526, 0, 0.991445, 0, 0, -3.21117 )

[node name="Prop_Domino6" parent="Game_Props/Domino_Crv8/Prop_Domino2/Prop_Domino3/Prop_Domino4/Prop_Domino5" instance=ExtResource( 7 )]
transform = Transform( 0.991445, 0, 0.130526, 0, 1, 0, -0.130526, 0, 0.991445, 0, 0, -3.19276 )

[node name="Prop_Domino7" parent="Game_Props/Domino_Crv8/Prop_Domino2/Prop_Domino3/Prop_Domino4/Prop_Domino5/Prop_Domino6" instance=ExtResource( 7 )]
transform = Transform( 0.991445, 0, 0.130526, 0, 1, 0, -0.130526, 0, 0.991445, 0, 0, -3.19145 )

[node name="Domino_Crv9" parent="Game_Props" instance=ExtResource( 7 )]
transform = Transform( 0.617324, 0, -0.786709, 0, 1, 0, 0.786709, 0, 0.617324, 60.107, -16.0423, 66.0618 )

[node name="Prop_Domino2" parent="Game_Props/Domino_Crv9" instance=ExtResource( 7 )]
transform = Transform( 0.991445, 0, 0.130526, 0, 1, 0, -0.130526, 0, 0.991445, 0, 0, -3.12489 )

[node name="Prop_Domino3" parent="Game_Props/Domino_Crv9/Prop_Domino2" instance=ExtResource( 7 )]
transform = Transform( 0.991445, 0, 0.130526, 0, 1, 0, -0.130526, 0, 0.991445, 0, 0, -3.07826 )

[node name="Prop_Domino4" parent="Game_Props/Domino_Crv9/Prop_Domino2/Prop_Domino3" instance=ExtResource( 7 )]
transform = Transform( 0.991445, 0, 0.130526, 0, 1, 0, -0.130526, 0, 0.991445, 0, 0, -3.23044 )

[node name="Prop_Domino5" parent="Game_Props/Domino_Crv9/Prop_Domino2/Prop_Domino3/Prop_Domino4" instance=ExtResource( 7 )]
transform = Transform( 0.991445, 0, 0.130526, 0, 1, 0, -0.130526, 0, 0.991445, 0, 0, -3.21117 )

[node name="Prop_Domino6" parent="Game_Props/Domino_Crv9/Prop_Domino2/Prop_Domino3/Prop_Domino4/Prop_Domino5" instance=ExtResource( 7 )]
transform = Transform( 0.991445, 0, 0.130526, 0, 1, 0, -0.130526, 0, 0.991445, 0, 0, -3.19276 )

[node name="Prop_Domino7" parent="Game_Props/Domino_Crv9/Prop_Domino2/Prop_Domino3/Prop_Domino4/Prop_Domino5/Prop_Domino6" instance=ExtResource( 7 )]
transform = Transform( 0.991445, 0, 0.130526, 0, 1, 0, -0.130526, 0, 0.991445, 0, 0, -3.19145 )

[node name="Domino_Crv10" parent="Game_Props" instance=ExtResource( 7 )]
transform = Transform( 1, 0, -0.000960052, 0, 1, 0, 0.000960052, 0, 1, 70.484, -16.0423, 46.8459 )

[node name="Prop_Domino2" parent="Game_Props/Domino_Crv10" instance=ExtResource( 7 )]
transform = Transform( 0.991445, 0, 0.130526, 0, 1, 0, -0.130526, 0, 0.991445, 0, 0, -3.12489 )

[node name="Prop_Domino3" parent="Game_Props/Domino_Crv10/Prop_Domino2" instance=ExtResource( 7 )]
transform = Transform( 0.991445, 0, 0.130526, 0, 1, 0, -0.130526, 0, 0.991445, 0, 0, -3.07826 )

[node name="Prop_Domino4" parent="Game_Props/Domino_Crv10/Prop_Domino2/Prop_Domino3" instance=ExtResource( 7 )]
transform = Transform( 0.991445, 0, 0.130526, 0, 1, 0, -0.130526, 0, 0.991445, 0, 0, -3.23044 )

[node name="Prop_Domino5" parent="Game_Props/Domino_Crv10/Prop_Domino2/Prop_Domino3/Prop_Domino4" instance=ExtResource( 7 )]
transform = Transform( 0.991445, 0, 0.130526, 0, 1, 0, -0.130526, 0, 0.991445, 0, 0, -3.21117 )

[node name="Prop_Domino6" parent="Game_Props/Domino_Crv10/Prop_Domino2/Prop_Domino3/Prop_Domino4/Prop_Domino5" instance=ExtResource( 7 )]
transform = Transform( 0.991445, 0, 0.130526, 0, 1, 0, -0.130526, 0, 0.991445, 0, 0, -3.19276 )

[node name="Prop_Domino7" parent="Game_Props/Domino_Crv10/Prop_Domino2/Prop_Domino3/Prop_Domino4/Prop_Domino5/Prop_Domino6" instance=ExtResource( 7 )]
transform = Transform( 0.991445, 0, 0.130526, 0, 1, 0, -0.130526, 0, 0.991445, 0, 0, -3.19145 )

[node name="Domino_Crv4" parent="Game_Props" instance=ExtResource( 7 )]
transform = Transform( -0.928764, 0, -0.370671, 0, 1, 0, 0.370671, 0, -0.928764, 4.60955, -16.0423, 65.8204 )

[node name="Prop_Domino2" parent="Game_Props/Domino_Crv4" instance=ExtResource( 7 )]
transform = Transform( 0.991445, 0, 0.130526, 0, 1, 0, -0.130526, 0, 0.991445, 0, 0, -3.12489 )

[node name="Prop_Domino3" parent="Game_Props/Domino_Crv4/Prop_Domino2" instance=ExtResource( 7 )]
transform = Transform( 0.991445, 0, 0.130526, 0, 1, 0, -0.130526, 0, 0.991445, 0, 0, -3.07826 )

[node name="Prop_Domino4" parent="Game_Props/Domino_Crv4/Prop_Domino2/Prop_Domino3" instance=ExtResource( 7 )]
transform = Transform( 0.991445, 0, 0.130526, 0, 1, 0, -0.130526, 0, 0.991445, 0, 0, -3.23044 )

[node name="Prop_Domino5" parent="Game_Props/Domino_Crv4/Prop_Domino2/Prop_Domino3/Prop_Domino4" instance=ExtResource( 7 )]
transform = Transform( 0.991445, 0, 0.130526, 0, 1, 0, -0.130526, 0, 0.991445, 0, 0, -3.21117 )

[node name="Prop_Domino6" parent="Game_Props/Domino_Crv4/Prop_Domino2/Prop_Domino3/Prop_Domino4/Prop_Domino5" instance=ExtResource( 7 )]
transform = Transform( 0.991445, 0, 0.130526, 0, 1, 0, -0.130526, 0, 0.991445, 0, 0, -3.19276 )

[node name="Prop_Domino7" parent="Game_Props/Domino_Crv4/Prop_Domino2/Prop_Domino3/Prop_Domino4/Prop_Domino5/Prop_Domino6" instance=ExtResource( 7 )]
transform = Transform( 0.991445, 0, 0.130526, 0, 1, 0, -0.130526, 0, 0.991445, 0, 0, -3.19145 )

[node name="Domino_Str3" parent="Game_Props" instance=ExtResource( 7 )]
transform = Transform( 0.960561, 0, 0.278069, 0, 1, 0, -0.278069, 0, 0.960561, 3.53134, -16.0423, 62.3344 )

[node name="Prop_Domino2" parent="Game_Props/Domino_Str3" instance=ExtResource( 7 )]
transform = Transform( 1, 0, 0, 0, 1, 0, 0, 0, 1, 0, 0, -3.12489 )

[node name="Prop_Domino3" parent="Game_Props/Domino_Str3" instance=ExtResource( 7 )]
transform = Transform( 1, 0, 0, 0, 1, 0, 0, 0, 1, 0, 0, -6.20315 )

[node name="Prop_Domino4" parent="Game_Props/Domino_Str3" instance=ExtResource( 7 )]
transform = Transform( 1, 0, 0, 0, 1, 0, 0, 0, 1, 0, 0, -9.43359 )

[node name="Prop_Domino5" parent="Game_Props/Domino_Str3" instance=ExtResource( 7 )]
transform = Transform( 1, 0, 0, 0, 1, 0, 0, 0, 1, 0, 0, -12.6448 )

[node name="Prop_Domino6" parent="Game_Props/Domino_Str3" instance=ExtResource( 7 )]
transform = Transform( 1, 0, 0, 0, 1, 0, 0, 0, 1, 0, 0, -15.8375 )

[node name="Prop_Domino7" parent="Game_Props/Domino_Str3" instance=ExtResource( 7 )]
transform = Transform( 1, 0, 0, 0, 1, 0, 0, 0, 1, 0, 0, -19.029 )

[node name="Domino_Crv2" parent="Game_Props" instance=ExtResource( 7 )]
transform = Transform( 0.947194, 0, 0.320663, 0, 1, 0, -0.320663, 0, 0.947194, -2.84114, -16.0423, 40.7468 )

[node name="Prop_Domino2" parent="Game_Props/Domino_Crv2" instance=ExtResource( 7 )]
transform = Transform( 0.991445, 0, 0.130526, 0, 1, 0, -0.130526, 0, 0.991445, 0, 0, -3.12489 )

[node name="Prop_Domino3" parent="Game_Props/Domino_Crv2/Prop_Domino2" instance=ExtResource( 7 )]
transform = Transform( 0.991445, 0, 0.130526, 0, 1, 0, -0.130526, 0, 0.991445, 0, 0, -3.07826 )

[node name="Prop_Domino4" parent="Game_Props/Domino_Crv2/Prop_Domino2/Prop_Domino3" instance=ExtResource( 7 )]
transform = Transform( 0.991445, 0, 0.130526, 0, 1, 0, -0.130526, 0, 0.991445, 0, 0, -3.23044 )

[node name="Prop_Domino5" parent="Game_Props/Domino_Crv2/Prop_Domino2/Prop_Domino3/Prop_Domino4" instance=ExtResource( 7 )]
transform = Transform( 0.991445, 0, 0.130526, 0, 1, 0, -0.130526, 0, 0.991445, 0, 0, -3.21117 )

[node name="Prop_Domino6" parent="Game_Props/Domino_Crv2/Prop_Domino2/Prop_Domino3/Prop_Domino4/Prop_Domino5" instance=ExtResource( 7 )]
transform = Transform( 0.991445, 0, 0.130526, 0, 1, 0, -0.130526, 0, 0.991445, 0, 0, -3.19276 )

[node name="Prop_Domino7" parent="Game_Props/Domino_Crv2/Prop_Domino2/Prop_Domino3/Prop_Domino4/Prop_Domino5/Prop_Domino6" instance=ExtResource( 7 )]
transform = Transform( 0.991445, 0, 0.130526, 0, 1, 0, -0.130526, 0, 0.991445, 0, 0, -3.19145 )

[node name="Domino_Crv3" parent="Game_Props" instance=ExtResource( 7 )]
transform = Transform( -0.9529, 0, -0.303285, 0, 1, 0, 0.303285, 0, -0.9529, -28.358, -16.0423, 9.46334 )

[node name="Prop_Domino2" parent="Game_Props/Domino_Crv3" instance=ExtResource( 7 )]
transform = Transform( 0.991445, 0, 0.130526, 0, 1, 0, -0.130526, 0, 0.991445, 0, 0, -3.12489 )

[node name="Prop_Domino3" parent="Game_Props/Domino_Crv3/Prop_Domino2" instance=ExtResource( 7 )]
transform = Transform( 0.991445, 0, 0.130526, 0, 1, 0, -0.130526, 0, 0.991445, 0, 0, -3.07826 )

[node name="Prop_Domino4" parent="Game_Props/Domino_Crv3/Prop_Domino2/Prop_Domino3" instance=ExtResource( 7 )]
transform = Transform( 0.991445, 0, 0.130526, 0, 1, 0, -0.130526, 0, 0.991445, 0, 0, -3.23044 )

[node name="Prop_Domino5" parent="Game_Props/Domino_Crv3/Prop_Domino2/Prop_Domino3/Prop_Domino4" instance=ExtResource( 7 )]
transform = Transform( 0.991445, 0, 0.130526, 0, 1, 0, -0.130526, 0, 0.991445, 0, 0, -3.21117 )

[node name="Prop_Domino6" parent="Game_Props/Domino_Crv3/Prop_Domino2/Prop_Domino3/Prop_Domino4/Prop_Domino5" instance=ExtResource( 7 )]
transform = Transform( 0.991445, 0, 0.130526, 0, 1, 0, -0.130526, 0, 0.991445, 0, 0, -3.19276 )

[node name="Prop_Domino7" parent="Game_Props/Domino_Crv3/Prop_Domino2/Prop_Domino3/Prop_Domino4/Prop_Domino5/Prop_Domino6" instance=ExtResource( 7 )]
transform = Transform( 0.991445, 0, 0.130526, 0, 1, 0, -0.130526, 0, 0.991445, 0, 0, -3.19145 )

[node name="Domino_Crv5" parent="Game_Props" instance=ExtResource( 7 )]
transform = Transform( -0.992986, 0, 0.118231, 0, 1, 0, -0.118231, 0, -0.992986, 4.90262, -16.0423, -28.6785 )

[node name="Prop_Domino2" parent="Game_Props/Domino_Crv5" instance=ExtResource( 7 )]
transform = Transform( 0.991445, 0, 0.130526, 0, 1, 0, -0.130526, 0, 0.991445, 0, 0, -3.12489 )

[node name="Prop_Domino3" parent="Game_Props/Domino_Crv5/Prop_Domino2" instance=ExtResource( 7 )]
transform = Transform( 0.991445, 0, 0.130526, 0, 1, 0, -0.130526, 0, 0.991445, 0, 0, -3.07826 )

[node name="Prop_Domino4" parent="Game_Props/Domino_Crv5/Prop_Domino2/Prop_Domino3" instance=ExtResource( 7 )]
transform = Transform( 0.991445, 0, 0.130526, 0, 1, 0, -0.130526, 0, 0.991445, 0, 0, -3.23044 )

[node name="Prop_Domino5" parent="Game_Props/Domino_Crv5/Prop_Domino2/Prop_Domino3/Prop_Domino4" instance=ExtResource( 7 )]
transform = Transform( 0.991445, 0, 0.130526, 0, 1, 0, -0.130526, 0, 0.991445, 0, 0, -3.21117 )

[node name="Prop_Domino6" parent="Game_Props/Domino_Crv5/Prop_Domino2/Prop_Domino3/Prop_Domino4/Prop_Domino5" instance=ExtResource( 7 )]
transform = Transform( 0.991445, 0, 0.130526, 0, 1, 0, -0.130526, 0, 0.991445, 0, 0, -3.19276 )

[node name="Prop_Domino7" parent="Game_Props/Domino_Crv5/Prop_Domino2/Prop_Domino3/Prop_Domino4/Prop_Domino5/Prop_Domino6" instance=ExtResource( 7 )]
transform = Transform( 0.991445, 0, 0.130526, 0, 1, 0, -0.130526, 0, 0.991445, 0, 0, -3.19145 )

[node name="Domino_Str4" parent="Game_Props" instance=ExtResource( 7 )]
transform = Transform( -0.754526, 0, -0.65627, 0, 1, 0, 0.65627, 0, -0.754526, 10.8146, -16.0423, -7.95611 )

[node name="Prop_Domino2" parent="Game_Props/Domino_Str4" instance=ExtResource( 7 )]
transform = Transform( 1, 0, 0, 0, 1, 0, 0, 0, 1, 0, 0, -3.12489 )

[node name="Prop_Domino3" parent="Game_Props/Domino_Str4" instance=ExtResource( 7 )]
transform = Transform( 1, 0, 0, 0, 1, 0, 0, 0, 1, 0, 0, -6.20315 )

[node name="Prop_Domino4" parent="Game_Props/Domino_Str4" instance=ExtResource( 7 )]
transform = Transform( 1, 0, 0, 0, 1, 0, 0, 0, 1, 0, 0, -9.43359 )

[node name="Prop_Domino5" parent="Game_Props/Domino_Str4" instance=ExtResource( 7 )]
transform = Transform( 1, 0, 0, 0, 1, 0, 0, 0, 1, 0, 0, -12.6448 )

[node name="Prop_Domino6" parent="Game_Props/Domino_Str4" instance=ExtResource( 7 )]
transform = Transform( 1, 0, 0, 0, 1, 0, 0, 0, 1, 0, 0, -15.8375 )

[node name="Prop_Domino7" parent="Game_Props/Domino_Str4" instance=ExtResource( 7 )]
transform = Transform( 1, 0, 0, 0, 1, 0, 0, 0, 1, 0, 0, -19.029 )

[node name="Domino_Crv6" parent="Game_Props" instance=ExtResource( 7 )]
transform = Transform( -0.724485, 0, -0.689291, 0, 1, 0, 0.689291, 0, -0.724485, 25.6753, -16.0423, 8.94923 )

[node name="Prop_Domino2" parent="Game_Props/Domino_Crv6" instance=ExtResource( 7 )]
transform = Transform( 0.991445, 0, 0.130526, 0, 1, 0, -0.130526, 0, 0.991445, 0, 0, -3.12489 )

[node name="Prop_Domino3" parent="Game_Props/Domino_Crv6/Prop_Domino2" instance=ExtResource( 7 )]
transform = Transform( 0.991445, 0, 0.130526, 0, 1, 0, -0.130526, 0, 0.991445, 0, 0, -3.07826 )

[node name="Prop_Domino4" parent="Game_Props/Domino_Crv6/Prop_Domino2/Prop_Domino3" instance=ExtResource( 7 )]
transform = Transform( 0.991445, 0, 0.130526, 0, 1, 0, -0.130526, 0, 0.991445, 0, 0, -3.23044 )

[node name="Prop_Domino5" parent="Game_Props/Domino_Crv6/Prop_Domino2/Prop_Domino3/Prop_Domino4" instance=ExtResource( 7 )]
transform = Transform( 0.991445, 0, 0.130526, 0, 1, 0, -0.130526, 0, 0.991445, 0, 0, -3.21117 )

[node name="Prop_Domino6" parent="Game_Props/Domino_Crv6/Prop_Domino2/Prop_Domino3/Prop_Domino4/Prop_Domino5" instance=ExtResource( 7 )]
transform = Transform( 0.991445, 0, 0.130526, 0, 1, 0, -0.130526, 0, 0.991445, 0, 0, -3.19276 )

[node name="Prop_Domino7" parent="Game_Props/Domino_Crv6/Prop_Domino2/Prop_Domino3/Prop_Domino4/Prop_Domino5/Prop_Domino6" instance=ExtResource( 7 )]
transform = Transform( 0.991445, 0, 0.130526, 0, 1, 0, -0.130526, 0, 0.991445, 0, 0, -3.19145 )

[node name="Domino_Crv7" parent="Game_Props" instance=ExtResource( 7 )]
transform = Transform( 0.736971, 0, 0.675925, 0, 1, 0, -0.675925, 0, 0.736971, 61.9828, -16.0423, 26.5996 )

[node name="Prop_Domino2" parent="Game_Props/Domino_Crv7" instance=ExtResource( 7 )]
transform = Transform( 0.991445, 0, 0.130526, 0, 1, 0, -0.130526, 0, 0.991445, 0, 0, -3.12489 )

[node name="Prop_Domino3" parent="Game_Props/Domino_Crv7/Prop_Domino2" instance=ExtResource( 7 )]
transform = Transform( 0.991445, 0, 0.130526, 0, 1, 0, -0.130526, 0, 0.991445, 0, 0, -3.07826 )

[node name="Prop_Domino4" parent="Game_Props/Domino_Crv7/Prop_Domino2/Prop_Domino3" instance=ExtResource( 7 )]
transform = Transform( 0.991445, 0, 0.130526, 0, 1, 0, -0.130526, 0, 0.991445, 0, 0, -3.23044 )

[node name="Prop_Domino5" parent="Game_Props/Domino_Crv7/Prop_Domino2/Prop_Domino3/Prop_Domino4" instance=ExtResource( 7 )]
transform = Transform( 0.991445, 0, 0.130526, 0, 1, 0, -0.130526, 0, 0.991445, 0, 0, -3.21117 )

[node name="Prop_Domino6" parent="Game_Props/Domino_Crv7/Prop_Domino2/Prop_Domino3/Prop_Domino4/Prop_Domino5" instance=ExtResource( 7 )]
transform = Transform( 0.991445, 0, 0.130526, 0, 1, 0, -0.130526, 0, 0.991445, 0, 0, -3.19276 )

[node name="Prop_Domino7" parent="Game_Props/Domino_Crv7/Prop_Domino2/Prop_Domino3/Prop_Domino4/Prop_Domino5/Prop_Domino6" instance=ExtResource( 7 )]
transform = Transform( 0.991445, 0, 0.130526, 0, 1, 0, -0.130526, 0, 0.991445, 0, 0, -3.19145 )

[node name="Checkpoints" type="Spatial" parent="."]

[node name="CheckPoint" parent="Checkpoints" instance=ExtResource( 10 )]
transform = Transform( -1, 0, -1.50996e-07, 0, 1, 0, 1.50996e-07, 0, -1, -7.10238, -14.8539, 111.156 )

[node name="CheckPoint2" parent="Checkpoints" instance=ExtResource( 10 )]
transform = Transform( -1, 0, -1.50996e-07, 0, 1, 0, 1.50996e-07, 0, -1, 42.6877, -14.8539, 95.003 )

[node name="CheckPoint3" parent="Checkpoints" instance=ExtResource( 10 )]
transform = Transform( -1, 0, -1.50996e-07, 0, 1, 0, 1.50996e-07, 0, -1, 27.5652, -14.8539, 28.7345 )

[node name="CheckPoint4" parent="Checkpoints" instance=ExtResource( 10 )]
transform = Transform( -1, 0, -1.50996e-07, 0, 1, 0, 1.50996e-07, 0, -1, -27.279, -14.8539, -10.6148 )

[node name="CheckPoint5" parent="Checkpoints" instance=ExtResource( 10 )]
transform = Transform( -1, 0, -1.50996e-07, 0, 1, 0, 1.50996e-07, 0, -1, 33.2464, -14.8539, -27.5389 )

[node name="CheckPoint6" parent="Checkpoints" instance=ExtResource( 10 )]
transform = Transform( -1, 0, -1.50996e-07, 0, 1, 0, 1.50996e-07, 0, -1, -7.9249, -14.8539, -136.773 )

[node name="CheckPoint7" parent="Checkpoints" instance=ExtResource( 10 )]
transform = Transform( -1, 0, -1.50996e-07, 0, 1, 0, 1.50996e-07, 0, -1, 30.3085, -14.8539, -112.381 )

[node name="Collectibles" type="Spatial" parent="."]

[node name="Position3D" type="Position3D" parent="Collectibles" groups=["CollectiblePositions"]]
transform = Transform( 1, 0, 0, 0, 1, 0, 0, 0, 1, -42.5079, -8.51696, 112.602 )

[node name="Position3D2" type="Position3D" parent="Collectibles" groups=["CollectiblePositions"]]
transform = Transform( 1, 0, 0, 0, 1, 0, 0, 0, 1, 52.0197, -14.8071, 106.106 )

[node name="Position3D3" type="Position3D" parent="Collectibles" groups=["CollectiblePositions"]]
transform = Transform( 1, 0, 0, 0, 1, 0, 0, 0, 1, 55.4139, -8.33865, 38.9199 )

[node name="Position3D4" type="Position3D" parent="Collectibles" groups=["CollectiblePositions"]]
transform = Transform( 1, 0, 0, 0, 1, 0, 0, 0, 1, -46.0172, -14.4829, 10.5002 )

[node name="Position3D5" type="Position3D" parent="Collectibles" groups=["CollectiblePositions"]]
transform = Transform( 1, 0, 0, 0, 1, 0, 0, 0, 1, -49.1535, -14.4829, -20.6179 )

[node name="Position3D6" type="Position3D" parent="Collectibles" groups=["CollectiblePositions"]]
transform = Transform( 1, 0, 0, 0, 1, 0, 0, 0, 1, 53.2263, 11.813, -29.4143 )

[node name="Position3D7" type="Position3D" parent="Collectibles" groups=["CollectiblePositions"]]
transform = Transform( 1, 0, 0, 0, 1, 0, 0, 0, 1, 45.965, -14.7153, -115.817 )

[node name="Position3D8" type="Position3D" parent="Collectibles" groups=["CollectiblePositions"]]
transform = Transform( 1, 0, 0, 0, 1, 0, 0, 0, 1, -47.7112, 9.61332, -126.592 )

[node name="Puzzles" type="Spatial" parent="."]

[node name="Simple_Prison" parent="Puzzles" instance=ExtResource( 15 )]
transform = Transform( 0.60389, 0, -0.797068, 0, 1, 0, 0.797068, 0, 0.60389, 42.0197, -15.8332, -106.56 )

[node name="Simple_Prison2" parent="Puzzles" instance=ExtResource( 15 )]
transform = Transform( -0.520876, 0, -0.853633, 0, 1, 0, 0.853633, 0, -0.520876, 42.3765, -15.8332, 105.831 )

[node name="Complex_Tower" parent="Puzzles" instance=ExtResource( 18 )]
transform = Transform( -0.0476644, 0, 0.998863, 0, 1, 0, -0.998863, 0, -0.0476644, -6.92825, -16.0411, 121.077 )

[node name="Simple_Prison2" parent="Puzzles/Complex_Tower" instance=ExtResource( 15 )]
transform = Transform( -0.831944, 0, 0.554859, 0, 1, 0, -0.554859, 0, -0.831944, 15.3894, 6.31553, -41.519 )

[node name="Simple_Platform" parent="Puzzles/Complex_Tower/Simple_Prison2" instance=ExtResource( 19 )]
transform = Transform( -0.999919, 0, 0.0127581, 0, 1, 0, -0.0127581, 0, -0.999919, -13.3333, -6.31676, -10.0239 )

[node name="Simple_Platform2" parent="Puzzles/Complex_Tower/Simple_Prison2" instance=ExtResource( 19 )]
transform = Transform( 0.0267181, 0, 0.999643, 0, 1, 0, -0.999643, 0, 0.0267181, 8.06946, -6.31676, -8.59428 )

[node name="Prop_Jenga25" parent="Puzzles/Complex_Tower/Simple_Prison2" instance=ExtResource( 2 )]
transform = Transform( -0.991198, 0, 0.132395, 0, 1, 0, -0.132395, 0, -0.991198, 5.79204, -6.09191, -24.2396 )

[node name="Simple_Tunnel" parent="Puzzles" instance=ExtResource( 17 )]
transform = Transform( -0.806021, 0, -0.591887, 0, 1, 0, 0.591887, 0, -0.806021, 46.6774, -16.0423, 35.2407 )

[node name="Simple_Climb" parent="Puzzles/Simple_Tunnel" instance=ExtResource( 16 )]
transform = Transform( 1, 0, 0, 0, 1, 0, 0, 0, 1, 20.6839, 0, 6.12586 )

[node name="Complex_Prison" parent="Puzzles" instance=ExtResource( 15 )]
transform = Transform( 1, 0, 0, 0, 1, 0, 0, 0, 1, -44.2264, -16.0423, -6.75001 )

[node name="Simple_Prison4" parent="Puzzles/Complex_Prison" instance=ExtResource( 15 )]
transform = Transform( -0.910099, 0, 0.414392, 0, 1, 0, -0.414392, 0, -0.910099, -2.67992, 0, 6.81459 )

[node name="Prop_Domino" parent="Puzzles/Complex_Prison" instance=ExtResource( 7 )]
transform = Transform( 0.999142, 0, 0.0414048, 0, 1, 0, -0.0414048, 0, 0.999142, 13.3861, 0.17698, -0.517014 )

[node name="Prop_Domino2" parent="Puzzles/Complex_Prison" instance=ExtResource( 7 )]
transform = Transform( 0.999142, 0, 0.0414048, 0, 1, 0, -0.0414048, 0, 0.999142, 13.4666, 0.17698, 1.42673 )

[node name="Prop_Domino3" parent="Puzzles/Complex_Prison" instance=ExtResource( 7 )]
transform = Transform( 0.999142, 0, 0.0414048, 0, 1, 0, -0.0414048, 0, 0.999142, 13.5227, 0.17698, 3.28304 )

[node name="Prop_Domino4" parent="Puzzles/Complex_Prison" instance=ExtResource( 7 )]
transform = Transform( 0.996964, 0, 0.0778675, 0, 1, 0, -0.0778675, 0, 0.996964, 13.7672, 0.17698, 5.28578 )

[node name="Prop_Domino5" parent="Puzzles/Complex_Prison" instance=ExtResource( 7 )]
transform = Transform( 0.991259, 0, 0.131928, 0, 1, 0, -0.131928, 0, 0.991259, 14.0201, 0.17698, 7.208 )

[node name="Prop_Domino6" parent="Puzzles/Complex_Prison" instance=ExtResource( 7 )]
transform = Transform( 0.987145, 0, 0.159829, 0, 1, 0, -0.159829, 0, 0.987145, 14.3051, 0.17698, 9.18918 )

[node name="Prop_Domino7" parent="Puzzles/Complex_Prison" instance=ExtResource( 7 )]
