[gd_scene load_steps=21 format=2]

[ext_resource path="res://World.gd" type="Script" id=1]
[ext_resource path="res://Assets/Props/Prop_Jenga/Prop_Jenga_Block.tscn" type="PackedScene" id=2]
[ext_resource path="res://Player/PlayerRigidBody.tscn" type="PackedScene" id=3]
[ext_resource path="res://WorldEnvironment.tres" type="Environment" id=4]
[ext_resource path="res://UI/Pause/PauseMenu.tscn" type="PackedScene" id=5]
[ext_resource path="res://Assets/Props/Prop_Domino/Prop_Domino_Straight.tscn" type="PackedScene" id=6]
[ext_resource path="res://Assets/Props/Prop_Domino/Prop_Domino.tscn" type="PackedScene" id=7]
[ext_resource path="res://Checkpoint/Spawn.gd" type="Script" id=8]
[ext_resource path="res://Assets/Props/Prop_Card/Prop_Card_Castle.tscn" type="PackedScene" id=9]
[ext_resource path="res://Checkpoint/CheckPointIndicator.tscn" type="PackedScene" id=10]
[ext_resource path="res://Assets/Props/Room_BG/Room_BG.obj" type="ArrayMesh" id=11]
[ext_resource path="res://Assets/Props/Room_BG/Room_BG.tres" type="Material" id=12]
[ext_resource path="res://Assets/Props/Table_Boundaries/Table.tscn" type="PackedScene" id=13]
[ext_resource path="res://Assets/Props/Prop_Domino/Prop_Domino_Curve.tscn" type="PackedScene" id=14]
[ext_resource path="res://Assets/Puzzles/Simple_Prison.tscn" type="PackedScene" id=15]
[ext_resource path="res://Assets/Puzzles/Simple_Climb.tscn" type="PackedScene" id=16]
[ext_resource path="res://Assets/Puzzles/Simple_Tunnel.tscn" type="PackedScene" id=17]
[ext_resource path="res://Assets/Puzzles/Simple_Tower.tscn" type="PackedScene" id=18]
[ext_resource path="res://Assets/Puzzles/Simple_Platform.tscn" type="PackedScene" id=19]
[ext_resource path="res://Assets/Props/KeljfelJancsi/Jancsi.tscn" type="PackedScene" id=20]

[node name="World" type="Spatial"]
script = ExtResource( 1 )

[node name="Camera" type="Camera" parent="."]
transform = Transform( 1, 0, 0, 0, 1, 0, 0, 0, 1, 0, 0, 5.04769 )

[node name="PauseMenu" parent="." instance=ExtResource( 5 )]

[node name="WorldEnvironment" type="WorldEnvironment" parent="."]
environment = ExtResource( 4 )

[node name="Sun" type="DirectionalLight" parent="."]
transform = Transform( -0.877716, 0.300577, -0.373188, 0, 0.778802, 0.62727, 0.479182, 0.550565, -0.683566, -2.216, 4.5293, -0.787665 )
light_energy = 2.126
light_bake_mode = 2
shadow_enabled = true
shadow_color = Color( 0.462745, 0.462745, 0.462745, 1 )
shadow_bias = 0.503
shadow_reverse_cull_face = true
directional_shadow_split_1 = 0.145
directional_shadow_split_2 = 0.389
directional_shadow_split_3 = 0.601
directional_shadow_blend_splits = true
directional_shadow_normal_bias = 0.715
directional_shadow_bias_split_scale = 0.268
directional_shadow_depth_range = 1

[node name="Spawn" type="Position3D" parent="."]
transform = Transform( 1, 0, 0, 0, 1, 0, 0, 0, 1, -0.571224, -7.91197, -0.0499039 )
script = ExtResource( 8 )

[node name="PlayerRigidBody" parent="." instance=ExtResource( 3 )]
transform = Transform( 1, 0, 0, 0, 1, 0, 0, 0, 1, -0.649616, 0.937073, 0.285133 )

[node name="Game_Props" type="Spatial" parent="."]

[node name="Spawn_Jenga_LOL" parent="Game_Props" instance=ExtResource( 2 )]
transform = Transform( -0.000820323, 0, -1, 0, 1, 0, 1, 0, -0.000820323, -0.432934, -15.8175, 0.0419083 )

[node name="Table_BG" parent="Game_Props" instance=ExtResource( 13 )]

[node name="Room_BG" type="MeshInstance" parent="Game_Props"]
transform = Transform( 100, 0, 0, 0, 100, 0, 0, 0, 100, -0.611114, -112.608, 4.61099 )
mesh = ExtResource( 11 )
skeleton = NodePath("../..")
material/0 = ExtResource( 12 )

[node name="Dominoes" type="Spatial" parent="Game_Props"]

[node name="Prop_Domino_Straight" parent="Game_Props/Dominoes" instance=ExtResource( 6 )]
transform = Transform( 0.961889, 0, -0.273439, 0, 1, 0, 0.273439, 0, 0.961889, 15.451, -16.0049, -114.281 )

[node name="Prop_Domino_Curve" parent="Game_Props/Dominoes" instance=ExtResource( 14 )]
transform = Transform( 0.961411, 0, -0.275117, 0, 1, 0, 0.275117, 0, 0.961411, 8.77732, -16.0049, -90.3027 )

[node name="Prop_Domino_Curve2" parent="Game_Props/Dominoes" instance=ExtResource( 14 )]
transform = Transform( -0.961583, 0, 0.274513, 0, 1, 0, -0.274513, 0, -0.961583, 16.267, -16.0049, -44.0231 )

[node name="Prop_Domino_Straight2" parent="Game_Props/Dominoes" instance=ExtResource( 6 )]
transform = Transform( 0.831441, 0, 0.555614, 0, 1, 0, -0.555614, 0, 0.831441, 21.0524, -16.0049, -17.0981 )

[node name="Prop_Domino_Curve3" parent="Game_Props/Dominoes" instance=ExtResource( 14 )]
transform = Transform( 0.973259, 0, -0.22971, 0, 1, 0, 0.22971, 0, 0.973259, 15.3431, -16.0049, -41.2741 )

[node name="Prop_Domino_Curve4" parent="Game_Props/Dominoes" instance=ExtResource( 14 )]
transform = Transform( 0.790519, 0, 0.612438, 0, 1, 0, -0.612438, 0, 0.790519, 35.052, -16.0049, 3.85185 )

[node name="Prop_Domino_Curve5" parent="Game_Props/Dominoes" instance=ExtResource( 14 )]
transform = Transform( -0.834694, 0, -0.550714, 0, 1, 0, 0.550714, 0, -0.834694, 76.0228, -16.0049, 26.6444 )

[node name="Prop_Domino_Curve6" parent="Game_Props/Dominoes" instance=ExtResource( 14 )]
transform = Transform( -0.945927, 0, 0.324379, 0, 1, 0, -0.324379, 0, -0.945927, 79.3367, -16.0049, 51.3408 )

[node name="Prop_Domino_Curve7" parent="Game_Props/Dominoes" instance=ExtResource( 14 )]
transform = Transform( -0.398461, 0, 0.917186, 0, 1, 0, -0.917186, 0, -0.398461, 63.5843, -16.0049, 70.2248 )

[node name="Prop_Domino_Curve8" parent="Game_Props/Dominoes" instance=ExtResource( 14 )]
transform = Transform( 0.44562, 0, 0.895222, 0, 1, 0, -0.895222, 0, 0.44562, 39.0388, -16.0049, 70.308 )

[node name="Prop_Domino_Straight3" parent="Game_Props/Dominoes" instance=ExtResource( 6 )]
transform = Transform( -0.473427, 0, -0.880833, 0, 1, 0, 0.880833, 0, -0.473427, 36.567, -16.0049, 68.974 )

[node name="Prop_Domino_Straight4" parent="Game_Props/Dominoes" instance=ExtResource( 6 )]
transform = Transform( -0.550845, 0, -0.834608, 0, 1, 0, 0.834608, 0, -0.550845, 14.311, -16.0049, 56.9056 )

[node name="Prop_Domino_Straight5" parent="Game_Props/Dominoes" instance=ExtResource( 6 )]
transform = Transform( -0.901757, 0, -0.432243, 0, 1, 0, 0.432243, 0, -0.901757, -18.4461, -16.0049, 29.3039 )

[node name="Prop_Domino" parent="Game_Props/Dominoes" instance=ExtResource( 7 )]
transform = Transform( -0.59093, 0, -0.806723, 0, 1, 0, 0.806723, 0, -0.59093, -6.59061, -16.0049, 42.9668 )

[node name="Prop_Domino2" parent="Game_Props/Dominoes" instance=ExtResource( 7 )]
transform = Transform( -0.620395, 0, -0.784289, 0, 1, 0, 0.784289, 0, -0.620395, -8.78122, -16.0049, 41.1961 )

[node name="Prop_Domino3" parent="Game_Props/Dominoes" instance=ExtResource( 7 )]
transform = Transform( -0.69315, 0, -0.720793, 0, 1, 0, 0.720793, 0, -0.69315, -10.6605, -16.0049, 39.4316 )

[node name="Prop_Domino4" parent="Game_Props/Dominoes" instance=ExtResource( 7 )]
transform = Transform( -0.742783, 0, -0.669533, 0, 1, 0, 0.669533, 0, -0.742783, -12.3824, -16.0049, 37.6534 )

[node name="Prop_Domino5" parent="Game_Props/Dominoes" instance=ExtResource( 7 )]
transform = Transform( -0.771636, 0, -0.636065, 0, 1, 0, 0.636065, 0, -0.771636, -14.1396, -16.0049, 35.7347 )

[node name="Prop_Domino6" parent="Game_Props/Dominoes" instance=ExtResource( 7 )]
transform = Transform( -0.792981, 0, -0.609246, 0, 1, 0, 0.609246, 0, -0.792981, -15.6889, -16.0049, 33.6839 )

[node name="Prop_Domino7" parent="Game_Props/Dominoes" instance=ExtResource( 7 )]
transform = Transform( -0.831441, 0, -0.555614, 0, 1, 0, 0.555614, 0, -0.831441, -17.203, -16.0049, 31.5262 )

[node name="Cards" type="Spatial" parent="Game_Props"]

[node name="Prop_Card_Castle" parent="Game_Props/Cards" instance=ExtResource( 9 )]
transform = Transform( -0.288046, 0, 0.957617, 0, 1, 0, -0.957617, 0, -0.288046, 10.3422, -16.0049, 86.0738 )

[node name="Prop_Card_Castle2" parent="Game_Props/Cards" instance=ExtResource( 9 )]
transform = Transform( 0.602498, 0, 0.798121, 0, 1, 0, -0.798121, 0, 0.602498, -1.21885, -16.0049, 83.4683 )

[node name="Prop_Card_Castle3" parent="Game_Props/Cards" instance=ExtResource( 9 )]
transform = Transform( -0.96867, 0, 0.248352, 0, 1, 0, -0.248352, 0, -0.96867, 2.54475, -16.0049, 94.4039 )

[node name="Prop_Card_Castle4" parent="Game_Props/Cards" instance=ExtResource( 9 )]
transform = Transform( -0.288046, 0, 0.957617, 0, 1, 0, -0.957617, 0, -0.288046, 25.1104, -16.0049, -149.958 )

[node name="Prop_Card_Castle5" parent="Game_Props/Cards" instance=ExtResource( 9 )]
transform = Transform( 0.602498, 0, 0.798121, 0, 1, 0, -0.798121, 0, 0.602498, 13.5494, -16.0049, -152.563 )

[node name="Prop_Card_Castle6" parent="Game_Props/Cards" instance=ExtResource( 9 )]
transform = Transform( -0.96867, 0, 0.248352, 0, 1, 0, -0.248352, 0, -0.96867, 17.313, -16.0049, -141.628 )

[node name="Prop_Card_Castle7" parent="Game_Props/Cards" instance=ExtResource( 9 )]
transform = Transform( -0.288046, 0, 0.957617, 0, 1, 0, -0.957617, 0, -0.288046, -13.7593, -16.0049, -57.8152 )

[node name="Prop_Card_Castle8" parent="Game_Props/Cards" instance=ExtResource( 9 )]
transform = Transform( 0.602498, 0, 0.798121, 0, 1, 0, -0.798121, 0, 0.602498, -25.3203, -16.0049, -60.4207 )

[node name="Prop_Card_Castle9" parent="Game_Props/Cards" instance=ExtResource( 9 )]
transform = Transform( -0.96867, 0, 0.248352, 0, 1, 0, -0.248352, 0, -0.96867, -21.5567, -16.0049, -49.4851 )

[node name="Prop_Card_Castle10" parent="Game_Props/Cards" instance=ExtResource( 9 )]
transform = Transform( -0.288046, 0, 0.957617, 0, 1, 0, -0.957617, 0, -0.288046, 61.6934, -16.0049, -72.8738 )

[node name="Prop_Card_Castle11" parent="Game_Props/Cards" instance=ExtResource( 9 )]
transform = Transform( 0.602498, 0, 0.798121, 0, 1, 0, -0.798121, 0, 0.602498, 50.1324, -16.0049, -75.4793 )

[node name="Prop_Card_Castle12" parent="Game_Props/Cards" instance=ExtResource( 9 )]
transform = Transform( -0.96867, 0, 0.248352, 0, 1, 0, -0.248352, 0, -0.96867, 53.896, -16.0049, -64.5437 )

[node name="Prop_Jenga" parent="Game_Props" instance=ExtResource( 2 )]
transform = Transform( 0.912513, 0, -0.409047, 0, 1, 0, 0.409047, 0, 0.912513, 12.9183, -15.8332, 63.9581 )

[node name="Prop_Jenga2" parent="Game_Props" instance=ExtResource( 2 )]
transform = Transform( 0.76892, 0, 0.639345, 0, 1, 0, -0.639345, 0, 0.76892, 52.1157, -15.7329, 142.31 )

[node name="Prop_Jenga3" parent="Game_Props" instance=ExtResource( 2 )]
transform = Transform( 0.97466, 0, -0.223692, 0, 1, 0, 0.223692, 0, 0.97466, -44.2672, -15.7995, -56.5192 )

[node name="Jancsi" parent="Game_Props" instance=ExtResource( 20 )]
transform = Transform( 1, 0, 0, 0, 1, 0, 0, 0, 1, 15.2173, -13.0209, -1.63344 )

[node name="Checkpoints" type="Spatial" parent="."]

[node name="CheckPoint" parent="Checkpoints" instance=ExtResource( 10 )]
transform = Transform( -1, 0, -1.50996e-07, 0, 1, 0, 1.50996e-07, 0, -1, -7.10238, -14.8539, 111.156 )

[node name="CheckPoint2" parent="Checkpoints" instance=ExtResource( 10 )]
transform = Transform( -1, 0, -1.50996e-07, 0, 1, 0, 1.50996e-07, 0, -1, 42.6877, -14.8539, 95.003 )

[node name="CheckPoint3" parent="Checkpoints" instance=ExtResource( 10 )]
transform = Transform( -1, 0, -1.50996e-07, 0, 1, 0, 1.50996e-07, 0, -1, 27.5652, -14.8539, 28.7345 )

[node name="CheckPoint4" parent="Checkpoints" instance=ExtResource( 10 )]
transform = Transform( -1, 0, -1.50996e-07, 0, 1, 0, 1.50996e-07, 0, -1, -27.279, -14.8539, -10.6148 )

[node name="CheckPoint5" parent="Checkpoints" instance=ExtResource( 10 )]
transform = Transform( -1, 0, -1.50996e-07, 0, 1, 0, 1.50996e-07, 0, -1, 33.2464, -14.8539, -27.5389 )

[node name="CheckPoint6" parent="Checkpoints" instance=ExtResource( 10 )]
transform = Transform( -1, 0, -1.50996e-07, 0, 1, 0, 1.50996e-07, 0, -1, -7.9249, -14.8539, -136.773 )

[node name="CheckPoint7" parent="Checkpoints" instance=ExtResource( 10 )]
transform = Transform( -1, 0, -1.50996e-07, 0, 1, 0, 1.50996e-07, 0, -1, 30.3085, -14.8539, -112.381 )

[node name="Collectibles" type="Spatial" parent="."]

[node name="Position3D" type="Position3D" parent="Collectibles" groups=["CollectiblePositions"]]
transform = Transform( 1, 0, 0, 0, 1, 0, 0, 0, 1, -42.5079, -8.51696, 112.602 )

[node name="Position3D2" type="Position3D" parent="Collectibles" groups=["CollectiblePositions"]]
transform = Transform( 1, 0, 0, 0, 1, 0, 0, 0, 1, 52.0197, -14.8071, 106.106 )

[node name="Position3D3" type="Position3D" parent="Collectibles" groups=["CollectiblePositions"]]
transform = Transform( 1, 0, 0, 0, 1, 0, 0, 0, 1, 55.4139, -8.33865, 38.9199 )

[node name="Position3D4" type="Position3D" parent="Collectibles" groups=["CollectiblePositions"]]
transform = Transform( 1, 0, 0, 0, 1, 0, 0, 0, 1, -46.0172, -14.4829, 10.5002 )

[node name="Position3D5" type="Position3D" parent="Collectibles" groups=["CollectiblePositions"]]
transform = Transform( 1, 0, 0, 0, 1, 0, 0, 0, 1, -49.1535, -14.4829, -20.6179 )

[node name="Position3D6" type="Position3D" parent="Collectibles" groups=["CollectiblePositions"]]
transform = Transform( 1, 0, 0, 0, 1, 0, 0, 0, 1, 53.2263, 11.813, -29.4143 )

[node name="Position3D7" type="Position3D" parent="Collectibles" groups=["CollectiblePositions"]]
transform = Transform( 1, 0, 0, 0, 1, 0, 0, 0, 1, 45.965, -14.7153, -115.817 )

[node name="Position3D8" type="Position3D" parent="Collectibles" groups=["CollectiblePositions"]]
transform = Transform( 1, 0, 0, 0, 1, 0, 0, 0, 1, -47.7112, 9.61332, -126.592 )

[node name="Puzzles" type="Spatial" parent="."]

[node name="Simple_Prison" parent="Puzzles" instance=ExtResource( 15 )]
transform = Transform( 0.60389, 0, -0.797068, 0, 1, 0, 0.797068, 0, 0.60389, 42.0197, -15.8332, -106.56 )

[node name="Simple_Prison2" parent="Puzzles" instance=ExtResource( 15 )]
transform = Transform( -0.520876, 0, -0.853633, 0, 1, 0, 0.853633, 0, -0.520876, 42.3765, -15.8332, 105.831 )

[node name="Complex_Tower" parent="Puzzles" instance=ExtResource( 18 )]
transform = Transform( -0.0476644, 0, 0.998863, 0, 1, 0, -0.998863, 0, -0.0476644, -6.92825, -16.0411, 121.077 )

[node name="Simple_Prison2" parent="Puzzles/Complex_Tower" instance=ExtResource( 15 )]
transform = Transform( -0.831944, 0, 0.554859, 0, 1, 0, -0.554859, 0, -0.831944, 15.3894, 6.31553, -41.519 )

[node name="Simple_Platform" parent="Puzzles/Complex_Tower/Simple_Prison2" instance=ExtResource( 19 )]
transform = Transform( -0.999919, 0, 0.0127581, 0, 1, 0, -0.0127581, 0, -0.999919, -13.3333, -6.31676, -10.0239 )

[node name="Simple_Platform2" parent="Puzzles/Complex_Tower/Simple_Prison2" instance=ExtResource( 19 )]
transform = Transform( 0.0267181, 0, 0.999643, 0, 1, 0, -0.999643, 0, 0.0267181, 8.06946, -6.31676, -8.59428 )

[node name="Prop_Jenga25" parent="Puzzles/Complex_Tower/Simple_Prison2" instance=ExtResource( 2 )]
transform = Transform( -0.991198, 0, 0.132395, 0, 1, 0, -0.132395, 0, -0.991198, 5.79204, -6.09191, -24.2396 )

[node name="Simple_Tunnel" parent="Puzzles" instance=ExtResource( 17 )]
transform = Transform( -0.806021, 0, -0.591887, 0, 1, 0, 0.591887, 0, -0.806021, 46.6774, -16.0423, 35.2407 )

[node name="Simple_Climb" parent="Puzzles/Simple_Tunnel" instance=ExtResource( 16 )]
transform = Transform( 1, 0, 0, 0, 1, 0, 0, 0, 1, 20.6839, 0, 6.12586 )

[node name="Complex_Prison" parent="Puzzles" instance=ExtResource( 15 )]
transform = Transform( 1, 0, 0, 0, 1, 0, 0, 0, 1, -44.2264, -16.0423, -6.75001 )

[node name="Simple_Prison4" parent="Puzzles/Complex_Prison" instance=ExtResource( 15 )]
transform = Transform( -0.910099, 0, 0.414392, 0, 1, 0, -0.414392, 0, -0.910099, -2.67992, 0, 6.81459 )

[node name="Prop_Domino" parent="Puzzles/Complex_Prison" instance=ExtResource( 7 )]
transform = Transform( 0.999142, 0, 0.0414048, 0, 1, 0, -0.0414048, 0, 0.999142, 13.3861, 0.17698, -0.517014 )

[node name="Prop_Domino2" parent="Puzzles/Complex_Prison" instance=ExtResource( 7 )]
transform = Transform( 0.999142, 0, 0.0414048, 0, 1, 0, -0.0414048, 0, 0.999142, 13.4666, 0.17698, 1.42673 )

[node name="Prop_Domino3" parent="Puzzles/Complex_Prison" instance=ExtResource( 7 )]
transform = Transform( 0.999142, 0, 0.0414048, 0, 1, 0, -0.0414048, 0, 0.999142, 13.5227, 0.17698, 3.28304 )

[node name="Prop_Domino4" parent="Puzzles/Complex_Prison" instance=ExtResource( 7 )]
transform = Transform( 0.996964, 0, 0.0778675, 0, 1, 0, -0.0778675, 0, 0.996964, 13.7672, 0.17698, 5.28578 )

[node name="Prop_Domino5" parent="Puzzles/Complex_Prison" instance=ExtResource( 7 )]
transform = Transform( 0.991259, 0, 0.131928, 0, 1, 0, -0.131928, 0, 0.991259, 14.0201, 0.17698, 7.208 )

[node name="Prop_Domino6" parent="Puzzles/Complex_Prison" instance=ExtResource( 7 )]
transform = Transform( 0.987145, 0, 0.159829, 0, 1, 0, -0.159829, 0, 0.987145, 14.3051, 0.17698, 9.18918 )

[node name="Prop_Domino7" parent="Puzzles/Complex_Prison" instance=ExtResource( 7 )]
transform = Transform( 0.983261, 0, 0.182201, 0, 1, 0, -0.182201, 0, 0.983261, 14.7152, 0.17698, 11.3631 )

[node name="Prop_Domino8" parent="Puzzles/Complex_Prison" instance=ExtResource( 7 )]
transform = Transform( 0.983261, 0, 0.182201, 0, 1, 0, -0.182201, 0, 0.983261, 15.2126, 0.17698, 13.4189 )

[node name="Complex_Tower2" parent="Puzzles" instance=ExtResource( 18 )]
transform = Transform( 0.0650201, 0, 0.997884, 0, 1, 0, -0.997884, 0, 0.0650201, -15.7839, -16.0423, -121.495 )

[node name="Simple_Tunnel2" parent="Puzzles/Complex_Tower2" instance=ExtResource( 17 )]
transform = Transform( 0.783368, 0, -0.621558, 0, 1, 0, 0.621558, 0, 0.783368, 0.274786, 18.2958, -24.6871 )

[node name="Simple_Platform3" parent="Puzzles/Complex_Tower2/Simple_Tunnel2" instance=ExtResource( 19 )]
transform = Transform( 0.0197384, 0, 0.999805, 0, 1, 0, -0.999805, 0, 0.0197384, -5.93409, -18.2958, -1.21566 )

[node name="Simple_Platform4" parent="Puzzles/Complex_Tower2/Simple_Tunnel2" instance=ExtResource( 19 )]
transform = Transform( 0.0197384, 0, 0.999805, 0, 1, 0, -0.999805, 0, 0.0197384, -5.64673, -12.2842, -0.92804 )

[node name="Simple_Platform5" parent="Puzzles/Complex_Tower2/Simple_Tunnel2" instance=ExtResource( 19 )]
transform = Transform( 0.0197384, 0, 0.999805, 0, 1, 0, -0.999805, 0, 0.0197384, -4.38282, -6.27658, -0.574852 )

[node name="Simple_Platform6" parent="Puzzles/Complex_Tower2/Simple_Tunnel2" instance=ExtResource( 19 )]
transform = Transform( -0.022443, 0, 0.999748, 0, 1, 0, -0.999748, 0, -0.022443, 16.4282, -18.2958, -0.898737 )

[node name="Simple_Platform7" parent="Puzzles/Complex_Tower2/Simple_Tunnel2" instance=ExtResource( 19 )]
transform = Transform( -0.022443, 0, 0.999748, 0, 1, 0, -0.999748, 0, -0.022443, 16.7274, -12.2842, -0.623503 )

[node name="Simple_Platform8" parent="Puzzles/Complex_Tower2/Simple_Tunnel2" instance=ExtResource( 19 )]
transform = Transform( -0.022443, 0, 0.999748, 0, 1, 0, -0.999748, 0, -0.022443, 18.0051, -6.27658, -0.323925 )

[node name="Simple_Tower" parent="Puzzles" instance=ExtResource( 18 )]
transform = Transform( 0.0067195, 0, -0.999977, 0, 1, 0, 0.999977, 0, 0.0067195, 44.4827, -16.0423, -19.7648 )
